14.001
14.001
0.001
14.001
14.001
14.001
14.001
13.2704461722102
10.8685078073149
15.0199525444687
18.0263511249396
15.6789923316389
14.001
16.0414625475935
18.7296650182306
22.3329526682049
11.040966060374
11.6816661832908
14.001
17.9296381711392
18.1433657711434
11.7009761703087
11.2811618883801
9.95473658798318
14.001
14.9834967975238
13.5168444740928
12.5998172834188
10.3588997629063
13.6901781888624
14.001
11.0802279565636
11.2286077853755
3.21759899996257
11.2397614135726
12.587063868118
14.001
16.2289012718531
5.81876309878527
6.13631571348788
7.45224795726713
13.110601025646
14.001
13.8356802519552
4.44900882873301
15.3098263750136
9.33326630969461
9.9539490400915
14.001
10.7597426344585
6.76991866416625
14.2543880963706
9.26074354187422
16.2327635717915
14.001
14.4137993573621
7.89839967973675
2.73448449605844
5.65878106541174
10.9462378452719
14.001
11.9925502663605
4.96160081243634
4.13083585987303
7.16168954412415
17.5049196175307
14.001
11.34503569021
8.00458905202815
1.24057683555428
11.5310723386763
14.6052489506051
14.001
15.3782012704559
4.09514414185136
1.74185952432982
9.58726261702242
8.36089412714525
14.001
12.5726089038542
3.47421026651691
3.83621596181307
9.40120200196293
12.8791319910255
14.001
14.9284605484782
11.3065275906419
6.25120595636859
1.27954394235574
16.018320979964
14.001
15.7361016100685
5.08564347543167
10.4807028448667
12.2150078036454
10.1641593193879
14.001
14.8753598468225
11.03633122967
4.86938960528956
1.87209857523769
15.8014244112332
14.001
16.8927052557111
3.65748172517531
2.64771146970489
0.00160299565486308
14.2705822664662
14.001
5.6988133312342
9.89910941828805
4.21473627650447
0.00160813660451064
9.442516555643
14.001
11.6665452413716
10.5200885583677
7.16068638333879
3.81707080196519
9.51824356329129
14.001
2.55496109605161
13.0540976290217
8.08859312375306
19.5862365181054
14.5936320671733
14.001
10.6414477896242
11.5491061863093
10.7468807338528
19.5719572224363
11.486808390319
14.001
18.6548630396401
6.78427813214033
11.1453223195571
18.5242630400924
11.5485880217568
14.001
16.293917794295
13.1933609195206
8.74826327002066
20.1635928743053
15.7242592907805
14.001
11.1834247048024
8.23248287893155
1.35339875917098
13.1727703436937
17.6954275683708
14.001
12.667757683114
10.5434844355827
1.26078679582876
13.5588943345842
13.6285879937955
14.001
17.3397263696954
8.57410302902166
2.43778134820466
14.8359016668573
12.3430184009696
14.001
15.7921146110064
15.6804305744645
3.34171956142899
8.49271775810669
11.847526987393
14.001
10.5775528100905
19.6398252131855
10.1223550405334
20.4148453246774
14.6576300077037
14.001
11.5197043274224
7.34951486074454
2.05449124503558
0.68628834888299
12.4261453096213
14.001
8.19314203895189
13.1418954753429
3.76874964445738
16.6557525268623
12.4175663604662
14.001
7.18077734424932
13.8130107785461
5.93777457369224
14.18129110931
17.619306246819
14.001
6.98756524563384
6.10461717466577
0.990189340002702
20.7177650683599
10.8923596770199
14.001
3.07530670401649
8.01607545724357
0.368220409467411
19.6853642432816
10.5869803973289
14.001
7.37208540946782
11.938270806452
0.73430257099683
14.6932113034806
9.22231175451776
14.001
2.84524009469993
14.427923823069
0.327532723664652
16.3299771489391
12.2028844320666
