0.000729191714674401
0.0346266363513728
0
30.1661452445013
6.09193751521098
0.858791874875885
0.000993669347827509
0.257269655983885
0.00172482140631934
33.3775195696356
5.38732938104804
0.395217545692114
0.00243035618752615
0.855800762271017
0.00915955761514216
32.5419530255969
4.90114064276418
0.614925840790597
0.00477195265564916
2.92146195012845
0.0363972032118367
36.967543998601
5.73011959699059
0.672318462111392
0.00506777656278381
7.94958602542937
0.124883783577868
37.0750241757636
3.89634184893115
0.608336160223911
0.0045340937556193
13.876167809187
0.202103664577077
10.6456958853519
3.33890260424592
0.707732616082608
0.00542788628253669
25.7558584555398
0.537728953072215
2.90792049325692
3.45510408406892
0.723185617529275
0.00747539016033544
32.1359386794331
3.05508403749836
1.60876976450633
1.77516753525647
0.583423494866385
0.00509074610233007
33.4074902971284
3.68908882300572
7.73144395145395
1.17621738786215
0.871836991889798
0.00570634290564046
38.0542537232843
7.05303506565682
6.93356736836764
0.835285680156842
0.7832288350537
0.00482160068925238
44.3283994214104
14.0809603320733
14.2632728625181
0.736090224752531
0.567890824379094
0.0065084622989715
40.2364516841682
14.2730755766665
16.8388358670722
0.500798878274428
0.719810530278291
0.00596053530932864
38.8934370942701
16.247936708621
14.024978206157
0.423411429131336
0.68964488622392
0.00491266887455744
36.4792205960367
21.0353845450748
25.9381352400915
0.398685226124568
0.887912349007067
0.00514744649972731
37.0501584162126
32.3944973034221
30.1385256345317
0.164397066859578
0.614805269728549
0.00469425513639419
35.4634128573492
34.4008448311952
23.9353352814616
0.079085893843328
0.823795337213383
0.00483122769680865
38.7759408271653
35.125987680105
41.0952595636964
0.111666691367551
0.758936523831415
0.0058840163212401
42.0823176301297
48.5465665985992
19.9573088630878
0.0193385059545923
0.733409097843567
0.0055327598662086
52.1558658354572
42.9817756000196
30.0016374213073
0.024327798162727
0.862777353411104
0.00360218076775064
31.5467136517298
53.3417479747142
37.1703984052638
7.07314565292705e-11
0.858066019601937
0.00204560893180193
39.9143285337076
57.8510197657744
47.2651646023147
1.41244136866718e-11
0.940235558481552
0.00248719744372574
42.3719531653233
73.3419328127386
39.9489670036279
1.56112242619029e-11
0.990258905615435
0.00346812975881037
36.4553325485661
79.4095197667922
45.1292631687648
9.63137405684667e-12
0.920468552034528
0.00289083624315742
30.2004295607543
91.7121155495896
31.2644023311539
2.44879349743984e-08
1.10840658846353
0.00289468223301654
40.1050716800237
85.0150844434305
31.9956622548207
1.04512756870482e-08
0.881987001272898
0.0026383468255406
38.8737396356346
74.7539283987059
35.1596459552866
8.75595915073909e-11
1.01977226466765
0.00231594455908392
36.8487784719488
92.8611684907245
53.7344483698249
4.0510501819275e-10
0.887811651934081
0.00243781996227509
39.9190204577823
93.777774841084
45.9415335857173
1.35634711591788e-09
0.927375648763922
0.00231063802498709
36.9242842189036
99.3250052660447
41.9956235730969
8.66650121333494e-13
0.862694063081439
0.00182042913774326
35.8924302030273
92.1709112381499
52.6035063299879
1.11440654157815e-12
0.980792510257557
0.00175865759023393
31.6464693013133
90.76132378349
59.6129510608845
2.3497736009017e-16
0.900953932154338
0.00185483864986164
37.2594632045871
98.8371865887141
54.9175573213924
1.28582601714199e-09
0.881627993752744
0.0016693524244627
39.1507422262036
106.068921644624
53.8204148094996
3.63234240223982e-11
1.03479180363279
0.00160362511273789
36.0581879496482
91.7732952846757
60.4815759235611
1.65355648939504e-11
0.991601454397552
0.00127146370093541
34.7816506196312
105.334905698674
63.2788295971674
7.02750730290857e-12
1.00731709847573
0.001213593730346
36.2036690682234
109.567649406497
65.5134108398693
5.00775538711047e-14
0.981382032296005
