0.00095580453010566
0.0232647216458584
0.000140740354808764
15.2798791343265
3.94037018905565
0.387486051669308
0.00112108435009512
0.213304388027151
0.00103860277601653
11.8597013762106
2.54088463929519
0.178886701618916
0.00184710745530807
0.394030602197272
0.00575942777622773
13.328856452
3.33580258326192
0.366364094318831
0.00515994192128951
2.38280610522974
0.0188028948456209
22.2444091375374
2.61464321592322
0.363293098567162
0.0055991680954303
4.1169393514105
0.0873664991044685
70.4271324158926
2.07987326058322
0.289884196625984
0.00446452477959783
9.71691111356941
0.161781841130752
30.3517790593882
2.36616334278353
0.325456918050875
0.00582187512265781
18.8008702527144
0.832305249919691
5.78227951163472
2.65448673390388
0.234364441537352
0.00759121522641983
19.9321453717307
6.89923384357807
6.17393892278289
1.26061686376181
0.305891023395784
0.00458813199025078
18.9448942751445
6.09718824384472
24.6024708848589
1.47926074866385
0.70245816449173
0.00666804617033493
18.2609617762168
8.63374718169606
14.3784287492997
1.05590362894799
0.370068473720985
0.00550277497318596
21.1161026566226
17.8299741989416
31.0883800636302
0.87654436949422
0.160634042743431
0.00628819522507787
17.6474229002356
16.1750740662338
33.6519290677763
0.748089023334696
0.390615922176723
0.00667079954920123
18.2944509601639
16.1127062485417
21.8139807724095
0.676710699456223
0.333171169195257
0.00260876753178544
12.5906784238999
19.8268730204918
36.0940559269765
0.895310178387844
0.478837337280267
0.0032968087239824
12.0385864330005
36.1415213296252
74.0363956457977
0.400311593961094
0.216948014066992
0.00339098107107876
14.1053776052319
26.9234356335574
34.821072559249
0.233085686796505
0.34898864661898
0.00261341275514578
21.3023811538377
25.2768634790956
66.1122583992464
0.432483235977972
0.41130108736016
0.00335067035280576
26.9001198608277
27.4550395701094
28.6001741684305
0.0748977112916064
0.31520000684906
0.00379527500671572
30.2333782446868
22.4925668832427
44.3314681504792
0.0942211571283914
0.701559343642853
0.00243835782899419
15.3132321958546
24.0109290921189
41.7537759498351
1.78910934363641e-10
0.30269750006596
0.00184954824326748
25.0362161124406
29.7161451078352
39.6541559870094
5.47029491639596e-11
0.341786498110114
0.00142956501620333
21.2848967519902
28.4116805594457
35.1753822883726
4.24681727685384e-11
0.392367021061772
0.00287738824366407
20.2849700439884
30.5238493912154
51.3926284922734
2.58047560454802e-11
0.382726032525171
0.00289631576210799
8.79315196105424
39.4109343496739
36.6946200264552
9.48412615948422e-08
0.523197204897311
0.00259627181951699
17.9586329743918
30.75766346073
33.9388080010001
3.06694335238773e-08
0.261286554513636
0.00166815029072889
16.1869002647813
26.4329971403092
33.601869897394
2.63095707198986e-10
0.32725539718916
0.00236655766864958
9.11280965531877
34.2387001439362
51.9517697980557
1.37611859396843e-09
0.343197539727342
0.00309711896607725
15.0222537618713
32.8417748973396
51.5131380322966
3.58492855992343e-09
0.263612993795255
0.00202131336394517
11.267431701805
30.900835941774
44.2556528732765
3.17572410015477e-12
0.310723313574114
0.00124498914928849
10.7460828743303
18.3312804602779
55.2485310520899
3.17351091588683e-12
0.28711603789805
0.00144626152590092
9.75588841251006
18.4117511771056
67.1184715159515
8.92289224109813e-16
0.262410156335296
0.00170115101103522
11.8980778758182
23.0976364848928
60.2372893673855
3.97240938946055e-09
0.212855581661383
0.00206949128090582
11.1428069166265
27.0928679282893
58.012493130802
1.31448843895504e-10
0.259187860083325
0.00218114480839027
8.65288357798773
14.1457798609908
59.7662267576673
6.4041967449027e-11
0.171231894334617
0.0020015337773572
7.65303502798383
16.1923015426374
63.3726729747841
2.19091959903334e-11
0.233016650441655
0.00228418262681599
7.32908461069086
15.6069931204745
61.8125925963874
1.65057032512978e-13
0.171370324115377
