1.10133958705133
1.09788026675253
7.49701257619341e-05
1.08895071755074
1.07987516005109
1.08525540618935
1.07859635118245
1.02764687136183
0.824886197234873
1.15218758437251
1.41267688439752
1.22649038158731
1.07202112388984
1.22078407566074
1.44998153671997
1.77672334651086
0.835289622290663
0.907283474300135
1.05326068354953
1.39467732837645
1.44758551987237
0.90531114239532
0.856622397386712
0.768432963943815
1.07854072394187
1.14253885780025
0.980404176982475
0.979528752682383
0.817108986763014
1.08168237148268
1.08395180488637
0.848388190801517
0.846564675460761
0.247596690902595
0.856533783011628
0.935033345112229
1.05281542108686
1.22975206855593
0.450028152636295
0.472323106760489
0.591768652054797
1.03502203249838
1.09364862449454
1.07872289665791
0.347982325993601
1.20510095484392
0.715720514040741
0.746848125214684
1.06563776545212
0.820381336150341
0.530650647103736
1.09747441521914
0.70937827079299
1.24231543891813
1.10230218781505
1.11320890444566
0.608176082544997
0.210480317868079
0.440692689515443
0.825679335127394
1.0639642998475
0.932559159014027
0.388905322424591
0.315347051038325
0.539033772105079
1.33986743388542
1.08740949072316
0.849329411546832
0.635003548618565
0.0959084283187945
0.86782027041915
1.08992895220669
1.06953717318647
1.18006282465645
0.307533816480982
0.136391861310508
0.718048420418797
0.645462208550146
1.09658607944303
0.978014049074135
0.257054939743763
0.291575238891876
0.708183057800642
1.00998730965369
1.08071404905481
1.181786909193
0.881691122486007
0.46806094731924
0.0992628111891256
1.21738785139925
1.07998388071991
1.23903886734017
0.391241815013574
0.826915125375743
0.957887657232337
0.784697435046147
1.06614558880724
1.13826486460827
0.834272876252375
0.376071779560975
0.145452341100454
1.22081569304794
1.10334970188187
1.31083533571617
0.288724234656898
0.198940046694052
0.000124478253491855
1.07959976904067
1.05336852939273
0.44128133276752
0.747632966955166
0.323112937485233
0.000124574581173151
0.731455313696444
1.05172596436876
0.901638649376253
0.824226271923752
0.556813147326353
0.287904236408682
0.734216266767761
1.12081825772969
0.205215198475191
1.01881587452566
0.616041603857098
1.55007162329094
1.14839551994447
1.10695329080159
0.802773257713929
0.8955445241825
0.814263388125587
1.42158104233933
0.869380488470581
1.05857176417661
1.43194516818596
0.528324585884835
0.852090655273347
1.38582119129146
0.90035046565514
1.07193154224897
1.28065453211049
1.01347544216736
0.668037037360507
1.61297252893364
1.21436108387621
1.11477551738095
0.877064680014737
0.638187491330922
0.102070943166402
1.0444466976501
1.30226599571025
1.08463516952616
0.950883014511959
0.819716032497095
0.1008380609467
1.02371554846356
1.03728511922617
1.05090269560193
1.342608160298
0.65827361341889
0.187619571465547
1.18143711014925
0.969998730674016
1.08327894976225
1.20171849303196
1.16592035168266
0.26057588475205
0.659014490021312
0.915610538571402
1.047069138923
0.818469149873852
1.51221657800852
0.767797468569386
1.57268847098766
1.11840394817553
1.06875327491406
0.874361590004365
0.558300811565367
0.158437152749389
0.050626922330488
0.962179560782408
1.03701654560004
0.646991001454888
0.981854469666012
0.293194775007301
1.31355626606374
0.950143874123389
1.07896462560054
0.544154622328611
1.0899751416945
0.455516895168983
1.05592998028587
1.38656196347748
1.06753653306673
0.545340939875363
0.474006941143374
0.078801576050192
1.59547870510316
0.824281998042157
1.03564863656482
0.232631251293332
0.615970492686109
0.0290510850519422
1.50626523702031
0.782936103786943
1.10618960771562
0.5506423857907
0.921193307555655
0.0559325968859741
1.12710611875416
0.711746824298553
1.0674825064951
0.219590030203394
1.11982248632799
0.0257275265459957
1.23683911550428
0.908610604739071
